600,'310',617,,3590,3,,,0,85,,3591,3,,,0,40,,3592,3,,,0,80,,3593,3,,,0,80,,3594,3,,,0,40,,3595,3,,,0,80,,3596,3,,,0,30,,3597,3,,,0,91,,3598,3,,,0,80,,3599,3,,,0,35,,3600,3,,,0,85,,3601,3,,,0,80,,3602,3,,,0,80,,3603,3,,,0,50,,3604,3,,,0,75,,3605,3,,,0,75,,3606,3,,,0,40,,3607,3,,,0
600,'311',912,,3608,3,,,0,35,,3609,3,,,0,80,,3610,3,,,0,80,,3611,3,,,0,40,,3612,3,,,0,80,,3613,3,,,0,80,,3614,3,,,0,40,,3615,3,,,0,80,,3616,3,,,0,80,,3617,3,,,0,40,,3618,3,,,0,80,,3619,3,,,0,75,,3620,3,,,0
600,'312',902,,3621,3,,,0,40,,3622,3,,,0,80,,3623,3,,,0,80,,3624,3,,,0,40,,3625,3,,,0,80,,3626,3,,,0,80,,3627,3,,,0,40,,3628,3,,,0,80,,3629,3,,,0,80,,3630,3,,,0,40,,3631,3,,,0,80,,3632,3,,,0,95,,3633,3,,,0
1800,'310',546,,4130,3,,,0,102,,4131,3,,,0,97,,4132,3,,,0,605,,4133,3,,,0,69,,4134,3,,,0,99,,4135,3,,,0,105,,4136,3,,,0,104,,4137,3,,,0
1900,'310',632,,4148,3,,,0,70,,4149,3,,,0,45,,4150,3,,,0,85,,4151,3,,,0,85,,4152,3,,,0,85,,4153,3,,,0,45,,4154,3,,,0,85,,4155,3,,,0,85,,4156,3,,,0,35,,4157,3,,,0,95,,4158,3,,,0,85,,4159,3,,,0,85,,4160,3,,,0,85,,4161,3,,,0,50,,4162,3,,,0,80,,4163,3,,,0,85,,4164,3,,,0,85,,4165,3,,,0,45,,4166,3,,,0,95,,4167,3,,,0
1900,'311',817,,4168,3,,,0,100,,4169,3,,,0,25,,4170,3,,,0,60,,4171,3,,,0,45,,4172,3,,,0,85,,4173,3,,,0,85,,4174,3,,,0,85,,4175,3,,,0,45,,4176,3,,,0,85,,4177,3,,,0,85,,4178,3,,,0,85,,4179,3,,,0,45,,4180,3,,,0,85,,4181,3,,,0,85,,4182,3,,,0,85,,4183,3,,,0,45,,4184,3,,,0,85,,4185,3,,,0
1900,'312',901,,4186,3,,,0,45,,4187,3,,,0,85,,4188,3,,,0,86,,4189,3,,,0,85,,4190,3,,,0,45,,4191,3,,,0,85,,4192,3,,,0,85,,4193,3,,,0,85,,4194,3,,,0,45,,4195,3,,,0,85,,4196,3,,,0,85,,4197,3,,,0,85,,4198,3,,,0,45,,4199,3,,,0,85,,4200,3,,,0
2900,'310',604,,4259,45,,,0,30,,4260,45,,,0,71,,4261,45,,,0,30,,4262,45,,,0,70,,4263,45,,,0,30,,4264,45,,,0,69,,4265,45,,,0,32,,4266,45,,,0,70,,4267,45,,,0,30,,4268,45,,,0,70,,4269,45,,,0,30,,4270,45,,,0,70,,4271,45,,,0,30,,4272,45,,,0,70,,4273,45,,,0,30,,4274,45,,,0,70,,4275,45,,,0,33,,4276,45,,,0,71,,4277,45,,,0,36,,4278,45,,,0,67,,4279,45,,,0,30,,4280,45,,,0,69,,4281,45,,,0,29,,4282,45,,,0,68,,4283,45,,,0,29,,4284,45,,,0,68,,4285,45,,,0,30,,4286,45,,,0,98,,4287,45,,,0,100,,4288,45,,,0,113,,4289,45,,,0
2900,'311',819,,4290,45,,,0,86,,4291,45,,,0,45,,4292,45,,,0,85,,4293,45,,,0,85,,4294,45,,,0,85,,4295,45,,,0,45,,4296,45,,,0,86,,4297,45,,,0,85,,4298,45,,,0,85,,4299,45,,,0,45,,4300,45,,,0,85,,4301,45,,,0,85,,4302,45,,,0,85,,4303,45,,,0,44,,4304,45,,,0,85,,4305,45,,,0,100,,4306,45,,,0,99,,4307,45,,,0
2900,'312',832,,4308,45,,,0,86,,4309,45,,,0,86,,4310,45,,,0,45,,4311,45,,,0,85,,4312,45,,,0,85,,4313,45,,,0,85,,4314,45,,,0,55,,4315,45,,,0,76,,4316,45,,,0,85,,4317,45,,,0,85,,4318,45,,,0,45,,4319,45,,,0,86,,4320,45,,,0,84,,4321,45,,,0,85,,4322,45,,,0,43,,4323,45,,,0,84,,4324,45,,,0,100,,4325,45,,,0
