700,'310',500,,3678,1,,,0,30,,3679,1,,,0,70,,3680,1,,,0,20,,3681,1,,,0,20,,3682,1,,,0,60,,3683,1,,,0,15,,3684,1,,,0,15,,3685,1,,,0,15,,3686,1,,,0,55,,3687,1,,,0,15,,3688,1,,,0,15,,3689,1,,,0,15,,3690,1,,,0,55,,3691,1,,,0,15,,3692,1,,,0,15,,3693,1,,,0,15,,3694,1,,,0,55,,3695,1,,,0,15,,3696,1,,,0,15,,3697,1,,,0,15,,3698,1,,,0,55,,3699,1,,,0,15,,3700,1,,,0,15,,3701,1,,,0,15,,3702,1,,,0,55,,3703,1,,,0,15,,3704,1,,,0,15,,3705,1,,,0,15,,3706,1,,,0,55,,3707,1,,,0,15,,3708,1,,,0,15,,3709,1,,,0,15,,3710,1,,,0,55,,3711,1,,,0,15,,3712,1,,,0,15,,3713,1,,,0,15,,3714,1,,,0,55,,3715,1,,,0,15,,3716,1,,,0,15,,3717,1,,,0,15,,3718,1,,,0,55,,3719,1,,,0,15,,3720,1,,,0,15,,3721,1,,,0,15,,3722,1,,,0,55,,3723,1,,,0,15,,3724,1,,,0,15,,3725,1,,,0,15,,3726,1,,,0,55,,3727,1,,,0,30,,3728,1,,,0,70,,3729,1,,,0,30,,3730,1,,,0,70,,3731,1,,,0,30,,3732,1,,,0,70,,3733,1,,,0,30,,3734,1,,,0,85,,3735,1,,,0
700,'311',700,,3736,1,,,0,100,,3737,1,,,0,30,,3738,1,,,0,70,,3739,1,,,0,30,,3740,1,,,0,70,,3741,1,,,0,30,,3742,1,,,0,70,,3743,1,,,0,20,,3744,1,,,0,20,,3745,1,,,0,60,,3746,1,,,0,20,,3747,1,,,0,20,,3748,1,,,0,60,,3749,1,,,0,20,,3750,1,,,0,20,,3751,1,,,0,60,,3752,1,,,0,20,,3753,1,,,0,20,,3754,1,,,0,60,,3755,1,,,0,20,,3756,1,,,0,20,,3757,1,,,0,60,,3758,1,,,0,30,,3759,1,,,0,70,,3760,1,,,0,30,,3761,1,,,0,70,,3762,1,,,0,30,,3763,1,,,0,70,,3764,1,,,0,30,,3765,1,,,0,70,,3766,1,,,0,30,,3767,1,,,0,70,,3768,1,,,0,30,,3769,1,,,0,70,,3770,1,,,0
700,'312',700,,3771,1,,,0,100,,3772,1,,,0,100,,3773,1,,,0,30,,3774,1,,,0,70,,3775,1,,,0,30,,3776,1,,,0,70,,3777,1,,,0,30,,3778,1,,,0,70,,3779,1,,,0,30,,3780,1,,,0,70,,3781,1,,,0,30,,3782,1,,,0,70,,3783,1,,,0,30,,3784,1,,,0,70,,3785,1,,,0,30,,3786,1,,,0,70,,3787,1,,,0,30,,3788,1,,,0,70,,3789,1,,,0,30,,3790,1,,,0,70,,3791,1,,,0,30,,3792,1,,,0,70,,3793,1,,,0,100,,3794,1,,,0,100,,3795,1,,,0,100,,3796,1,,,0
701,'310',537,,3797,49,4,,0,72,,3798,49,4,,0,35,,3799,49,4,,0,60,,3800,49,4,,0,20,,3801,49,4,,0,21,,3802,49,4,,0,57,,3803,49,4,,0,15,,3804,49,4,,0,15,,3805,49,4,,0,16,,3806,49,4,,0,55,,3807,49,4,,0,15,,3808,49,4,,0,15,,3809,49,4,,0,15,,3810,49,4,,0,56,,3811,49,4,,0,16,,3812,49,4,,0,15,,3813,49,4,,0,15,,3814,49,4,,0,55,,3815,49,4,,0,15,,3816,49,4,,0,16,,3817,49,4,,0,18,,3818,49,4,,0,56,,3819,49,4,,0,15,,3820,49,4,,0,15,,3821,49,4,,0,15,,3822,49,4,,0,55,,3823,49,4,,0,15,,3824,49,4,,0,15,,3825,49,4,,0,15,,3826,49,4,,0,55,,3827,49,4,,0,15,,3828,49,4,,0,15,,3829,49,4,,0,15,,3830,49,4,,0,55,,3831,49,4,,0,15,,3832,49,4,,0,15,,3833,49,4,,0,15,,3834,49,4,,0,55,,3835,49,4,,0,15,,3836,49,4,,0,15,,3837,49,4,,0,14,,3838,49,4,,0,55,,3839,49,4,,0,14,,3840,49,4,,0,15,,3841,49,4,,0,15,,3842,49,4,,0,54,,3843,49,4,,0,14,,3844,49,4,,0,15,,3845,49,4,,0,14,,3846,49,4,,0,69,,3847,49,4,,0,28,,3848,49,4,,0,68,,3849,49,4,,0,30,,3850,49,4,,0,67,,3851,49,4,,0,27,,3852,49,4,,0,69,,3853,49,4,,0,45,,3854,49,4,,0
701,'311',743,,3855,49,4,,0,101,,3856,49,4,,0,71,,3857,49,4,,0,32,,3858,49,4,,0,73,,3859,49,4,,0,30,,3860,49,4,,0,72,,3861,49,4,,0,31,,3862,49,4,,0,60,,3863,49,4,,0,21,,3864,49,4,,0,19,,3865,49,4,,0,59,,3866,49,4,,0,20,,3867,49,4,,0,20,,3868,49,4,,0,60,,3869,49,4,,0,20,,3870,49,4,,0,20,,3871,49,4,,0,60,,3872,49,4,,0,20,,3873,49,4,,0,21,,3874,49,4,,0,59,,3875,49,4,,0,20,,3876,49,4,,0,20,,3877,49,4,,0,70,,3878,49,4,,0,30,,3879,49,4,,0,68,,3880,49,4,,0,30,,3881,49,4,,0,69,,3882,49,4,,0,28,,3883,49,4,,0,69,,3884,49,4,,0,29,,3885,49,4,,0,67,,3886,49,4,,0,29,,3887,49,4,,0,69,,3888,49,4,,0,27,,3889,49,4,,0
701,'312',742,,3890,49,4,,0,100,,3891,49,4,,0,105,,3892,49,4,,0,70,,3893,49,4,,0,30,,3894,49,4,,0,70,,3895,49,4,,0,30,,3896,49,4,,0,71,,3897,49,4,,0,30,,3898,49,4,,0,70,,3899,49,4,,0,31,,3900,49,4,,0,70,,3901,49,4,,0,30,,3902,49,4,,0,70,,3903,49,4,,0,29,,3904,49,4,,0,69,,3905,49,4,,0,30,,3906,49,4,,0,70,,3907,49,4,,0,29,,3908,49,4,,0,70,,3909,49,4,,0,30,,3910,49,4,,0,69,,3911,49,4,,0,30,,3912,49,4,,0,100,,3913,49,4,,0,93,,3914,49,4,,0,100,,3915,49,4,,0
2900,'310',530,,4259,1,,,0,70,,4260,1,,,0,30,,4261,1,,,0,70,,4262,1,,,0,30,,4263,1,,,0,70,,4264,1,,,0,30,,4265,1,,,0,70,,4266,1,,,0,30,,4267,1,,,0,70,,4268,1,,,0,30,,4269,1,,,0,70,,4270,1,,,0,30,,4271,1,,,0,70,,4272,1,,,0,30,,4273,1,,,0,70,,4274,1,,,0,30,,4275,1,,,0,70,,4276,1,,,0,30,,4277,1,,,0,70,,4278,1,,,0,30,,4279,1,,,0,70,,4280,1,,,0,30,,4281,1,,,0,70,,4282,1,,,0,30,,4283,1,,,0,70,,4284,1,,,0,30,,4285,1,,,0,70,,4286,1,,,0,100,,4287,1,,,0,100,,4288,1,,,0,115,,4289,1,,,0
2900,'311',745,,4290,1,,,0,85,,4291,1,,,0,85,,4292,1,,,0,85,,4293,1,,,0,45,,4294,1,,,0,85,,4295,1,,,0,85,,4296,1,,,0,85,,4297,1,,,0,45,,4298,1,,,0,85,,4299,1,,,0,85,,4300,1,,,0,85,,4301,1,,,0,45,,4302,1,,,0,85,,4303,1,,,0,85,,4304,1,,,0,85,,4305,1,,,0,100,,4306,1,,,0,100,,4307,1,,,0
2900,'312',800,,4308,1,,,0,45,,4309,1,,,0,85,,4310,1,,,0,85,,4311,1,,,0,85,,4312,1,,,0,45,,4313,1,,,0,85,,4314,1,,,0,95,,4315,1,,,0,75,,4316,1,,,0,45,,4317,1,,,0,85,,4318,1,,,0,85,,4319,1,,,0,85,,4320,1,,,0,45,,4321,1,,,0,85,,4322,1,,,0,85,,4323,1,,,0,85,,4324,1,,,0,100,,4325,1,,,0
2901,'310',620,,4326,64,4,,0,32,,4327,64,4,,0,72,,4328,64,4,,0,32,,4329,64,4,,0,72,,4330,64,4,,0,30,,4331,64,4,,0,67,,4332,64,4,,0,30,,4333,64,4,,0,72,,4334,64,4,,0,30,,4335,64,4,,0,70,,4336,64,4,,0,29,,4337,64,4,,0,71,,4338,64,4,,0,31,,4339,64,4,,0,70,,4340,64,4,,0,72,,4341,64,4,,0,30,,4342,64,4,,0,72,,4343,64,4,,0,29,,4344,64,4,,0,24,,4345,64,4,,0,79,,4346,64,4,,0,69,,4347,64,4,,0,29,,4348,64,4,,0,70,,4349,64,4,,0,26,,4350,64,4,,0,29,,4351,64,4,,0,69,,4352,64,4,,0,29,,4353,64,4,,0,99,,4354,64,4,,0,95,,4355,64,4,,0,100,,4356,64,4,,0
2901,'311',853,,4357,64,4,,0,85,,4358,64,4,,0,86,,4359,64,4,,0,86,,4360,64,4,,0,46,,4361,64,4,,0,85,,4362,64,4,,0,86,,4363,64,4,,0,85,,4364,64,4,,0,45,,4365,64,4,,0,83,,4366,64,4,,0,82,,4367,64,4,,0,90,,4368,64,4,,0,45,,4369,64,4,,0,82,,4370,64,4,,0,85,,4371,64,4,,0,85,,4372,64,4,,0,43,,4373,64,4,,0,96,,4374,64,4,,0
2901,'312',851,,4375,64,4,,0,86,,4376,64,4,,0,85,,4377,64,4,,0,85,,4378,64,4,,0,45,,4379,64,4,,0,86,,4380,64,4,,0,85,,4381,64,4,,0,85,,4382,64,4,,0,45,,4383,64,4,,0,85,,4384,64,4,,0,85,,4385,64,4,,0,85,,4386,64,4,,0,45,,4387,64,4,,0,85,,4388,64,4,,0,84,,4389,64,4,,0,85,,4390,64,4,,0,42,,4391,64,4,,0,100,,4392,64,4,,0
