300,'310',559,,3403,37,4,,0,96,,3404,37,4,,0,86,,3405,37,4,,0,85,,3406,37,4,,0,79,,3407,37,4,,0,45,,3408,37,4,,0,85,,3409,37,4,,0,85,,3410,37,4,,0,90,,3411,37,4,,0,35,,3412,37,4,,0,85,,3413,37,4,,0,96,,3414,37,4,,0,83,,3415,37,4,,0,45,,3416,37,4,,0,90,,3417,37,4,,0,78,,3418,37,4,,0,89,,3419,37,4,,0,43,,3420,37,4,,0,85,,3421,37,4,,0,85,,3422,37,4,,0
300,'311',904,,3423,37,4,,0,45,,3424,37,4,,0,85,,3425,37,4,,0,85,,3426,37,4,,0,85,,3427,37,4,,0,50,,3428,37,4,,0,80,,3429,37,4,,0,85,,3430,37,4,,0,90,,3431,37,4,,0,40,,3432,37,4,,0,85,,3433,37,4,,0,85,,3434,37,4,,0,85,,3435,37,4,,0,45,,3436,37,4,,0,83,,3437,37,4,,0,90,,3438,37,4,,0
300,'312',1102,,3439,37,4,,0,45,,3440,37,4,,0,85,,3441,37,4,,0,90,,3442,37,4,,0,91,,3443,37,4,,0,35,,3444,37,4,,0,85,,3445,37,4,,0,85,,3446,37,4,,0,85,,3447,37,4,,0,45,,3448,37,4,,0,85,,3449,37,4,,0,85,,3450,37,4,,0
301,'310',448,,3451,1,,,0,80,,3452,1,,,0,102,,3453,1,,,0,85,,3454,1,,,0,40,,3455,1,,,0,85,,3456,1,,,0,90,,3457,1,,,0,85,,3458,1,,,0,85,,3459,1,,,0,35,,3460,1,,,0,85,,3461,1,,,0,85,,3462,1,,,0,50,,3463,1,,,0,85,,3464,1,,,0,90,,3465,1,,,0,80,,3466,1,,,0,90,,3467,1,,,0,45,,3468,1,,,0,85,,3469,1,,,0,85,,3470,1,,,0,100,,3471,1,,,0
301,'311',800,,3472,1,,,0,45,,3473,1,,,0,85,,3474,1,,,0,85,,3475,1,,,0,85,,3476,1,,,0,45,,3477,1,,,0,85,,3478,1,,,0,85,,3479,1,,,0,90,,3480,1,,,0,40,,3481,1,,,0,85,,3482,1,,,0,85,,3483,1,,,0,85,,3484,1,,,0,45,,3485,1,,,0,85,,3486,1,,,0,85,,3487,1,,,0,85,,3488,1,,,0
301,'312',1000,,3489,1,,,0,45,,3490,1,,,0,85,,3491,1,,,0,85,,3492,1,,,0,85,,3493,1,,,0,45,,3494,1,,,0,85,,3495,1,,,0,85,,3496,1,,,0,85,,3497,1,,,0,40,,3498,1,,,0,90,,3499,1,,,0,85,,3500,1,,,0,85,,3501,1,,,0
800,'310',625,,3916,49,4,,0,104,,3917,49,4,,0,103,,3918,49,4,,0,98,,3919,49,4,,0,100,,3920,49,4,,0,99,,3921,49,4,,0,100,,3922,49,4,,0,95,,3923,49,4,,0,111,,3924,49,4,,0,104,,3925,49,4,,0,93,,3926,49,4,,0,102,,3927,49,4,,0,102,,3928,49,4,,0,90,,3929,49,4,,0,100,,3930,49,4,,0,83,,3931,49,4,,0
800,'311',924,,3932,49,4,,0,101,,3933,49,4,,0,100,,3934,49,4,,0,100,,3935,49,4,,0,101,,3936,49,4,,0,100,,3937,49,4,,0,99,,3938,49,4,,0,100,,3939,49,4,,0,100,,3940,49,4,,0,100,,3941,49,4,,0,100,,3942,49,4,,0,100,,3943,49,4,,0
800,'312',1124,,3944,49,4,,0,100,,3945,49,4,,0,100,,3946,49,4,,0,100,,3947,49,4,,0,100,,3948,49,4,,0,102,,3949,49,4,,0,100,,3950,49,4,,0,98,,3951,49,4,,0,105,,3952,49,4,,0
801,'310',500,,3953,1,,,0,100,,3954,1,,,0,100,,3955,1,,,0,100,,3956,1,,,0,100,,3957,1,,,0,100,,3958,1,,,0,100,,3959,1,,,0,55,,3960,1,,,0,145,,3961,1,,,0,55,,3962,1,,,0,95,,3963,1,,,0,150,,3964,1,,,0,100,,3965,1,,,0,100,,3966,1,,,0,100,,3967,1,,,0,100,,3968,1,,,0
801,'311',800,,3969,1,,,0,100,,3970,1,,,0,100,,3971,1,,,0,100,,3972,1,,,0,100,,3973,1,,,0,100,,3974,1,,,0,100,,3975,1,,,0,100,,3976,1,,,0,100,,3977,1,,,0,100,,3978,1,,,0,100,,3979,1,,,0,100,,3980,1,,,0
801,'312',1000,,3981,1,,,0,100,,3982,1,,,0,100,,3983,1,,,0,100,,3984,1,,,0,100,,3985,1,,,0,100,,3986,1,,,0,100,,3987,1,,,0,100,,3988,1,,,0,100,,3989,1,,,0
