301,'310',453,,3451,8,,,0,81,,3452,8,,,0,102,,3453,8,,,0,86,,3454,8,,,0,80,,3455,8,,,0,45,,3456,8,,,0,90,,3457,8,,,0,85,,3458,8,,,0,85,,3459,8,,,0,35,,3460,8,,,0,85,,3461,8,,,0,86,,3462,8,,,0,90,,3463,8,,,0,45,,3464,8,,,0,90,,3465,8,,,0,80,,3466,8,,,0,90,,3467,8,,,0,45,,3468,8,,,0,84,,3469,8,,,0,84,,3470,8,,,0,100,,3471,8,,,0
301,'311',806,,3472,8,,,0,45,,3473,8,,,0,85,,3474,8,,,0,85,,3475,8,,,0,85,,3476,8,,,0,45,,3477,8,,,0,85,,3478,8,,,0,85,,3479,8,,,0,90,,3480,8,,,0,41,,3481,8,,,0,85,,3482,8,,,0,85,,3483,8,,,0,84,,3484,8,,,0,45,,3485,8,,,0,85,,3486,8,,,0,85,,3487,8,,,0,85,,3488,8,,,0
301,'312',1006,,3489,8,,,0,45,,3490,8,,,0,85,,3491,8,,,0,85,,3492,8,,,0,85,,3493,8,,,0,45,,3494,8,,,0,85,,3495,8,,,0,85,,3496,8,,,0,85,,3497,8,,,0,40,,3498,8,,,0,90,,3499,8,,,0,85,,3500,8,,,0,85,,3501,8,,,0
601,'310',636,,3634,10,,,0,87,,3635,10,,,0,80,,3636,10,,,0,40,,3637,10,,,0,80,,3638,10,,,0,81,,3639,10,,,0,40,,3640,10,,,0,70,,3641,10,,,0,91,,3642,10,,,0,40,,3643,10,,,0,75,,3644,10,,,0,85,,3645,10,,,0,40,,3646,10,,,0,80,,3647,10,,,0,90,,3648,10,,,0,35,,3649,10,,,0,75,,3650,10,,,0,79,,3651,10,,,0
601,'311',931,,3652,10,,,0,75,,3653,10,,,0,40,,3654,10,,,0,80,,3655,10,,,0,80,,3656,10,,,0,40,,3657,10,,,0,80,,3658,10,,,0,80,,3659,10,,,0,40,,3660,10,,,0,82,,3661,10,,,0,80,,3662,10,,,0,40,,3663,10,,,0,75,,3664,10,,,0
601,'312',921,,3665,10,,,0,80,,3666,10,,,0,40,,3667,10,,,0,80,,3668,10,,,0,80,,3669,10,,,0,40,,3670,10,,,0,80,,3671,10,,,0,80,,3672,10,,,0,40,,3673,10,,,0,80,,3674,10,,,0,80,,3675,10,,,0,40,,3676,10,,,0,95,,3677,10,,,0
1901,'310',625,,4201,12,,,0,15,,4202,12,,,0,72,,4203,12,,,0,20,,4204,12,,,0,90,,4205,12,,,0,85,,4206,12,,,0,45,,4207,12,,,0,85,,4208,12,,,0,85,,4209,12,,,0,87,,4210,12,,,0,43,,4211,12,,,0,84,,4212,12,,,0,81,,4213,12,,,0,90,,4214,12,,,0,44,,4215,12,,,0,85,,4216,12,,,0,85,,4217,12,,,0,84,,4218,12,,,0,50,,4219,12,,,0,80,,4220,12,,,0,85,,4221,12,,,0
1901,'311',805,,4222,12,,,0,45,,4223,12,,,0,80,,4224,12,,,0,19,,4225,12,,,0,85,,4226,12,,,0,85,,4227,12,,,0,85,,4228,12,,,0,46,,4229,12,,,0,60,,4230,12,,,0,25,,4231,12,,,0,85,,4232,12,,,0,85,,4233,12,,,0,45,,4234,12,,,0,85,,4235,12,,,0,85,,4236,12,,,0,85,,4237,12,,,0,25,,4238,12,,,0,20,,4239,12,,,0,85,,4240,12,,,0,85,,4241,12,,,0
1901,'312',934,,4242,12,,,0,85,,4243,12,,,0,15,,4244,12,,,0,70,,4245,12,,,0,45,,4246,12,,,0,60,,4247,12,,,0,25,,4248,12,,,0,85,,4249,12,,,0,15,,4250,12,,,0,70,,4251,12,,,0,45,,4252,12,,,0,85,,4253,12,,,0,85,,4254,12,,,0,85,,4255,12,,,0,45,,4256,12,,,0,85,,4257,12,,,0,85,,4258,12,,,0
2901,'310',543,,4326,20,,,0,71,,4327,20,,,0,31,,4328,20,,,0,71,,4329,20,,,0,31,,4330,20,,,0,71,,4331,20,,,0,27,,4332,20,,,0,70,,4333,20,,,0,31,,4334,20,,,0,70,,4335,20,,,0,30,,4336,20,,,0,69,,4337,20,,,0,31,,4338,20,,,0,69,,4339,20,,,0,30,,4340,20,,,0,71,,4341,20,,,0,30,,4342,20,,,0,70,,4343,20,,,0,30,,4344,20,,,0,65,,4345,20,,,0,35,,4346,20,,,0,70,,4347,20,,,0,30,,4348,20,,,0,70,,4349,20,,,0,29,,4350,20,,,0,70,,4351,20,,,0,30,,4352,20,,,0,69,,4353,20,,,0,100,,4354,20,,,0,98,,4355,20,,,0,100,,4356,20,,,0
2901,'311',815,,4357,20,,,0,85,,4358,20,,,0,45,,4359,20,,,0,86,,4360,20,,,0,85,,4361,20,,,0,85,,4362,20,,,0,45,,4363,20,,,0,85,,4364,20,,,0,85,,4365,20,,,0,85,,4366,20,,,0,40,,4367,20,,,0,90,,4368,20,,,0,85,,4369,20,,,0,84,,4370,20,,,0,45,,4371,20,,,0,85,,4372,20,,,0,84,,4373,20,,,0,99,,4374,20,,,0
2901,'312',815,,4375,20,,,0,85,,4376,20,,,0,45,,4377,20,,,0,85,,4378,20,,,0,84,,4379,20,,,0,45,,4380,20,,,0,85,,4381,20,,,0,85,,4382,20,,,0,85,,4383,20,,,0,45,,4384,20,,,0,85,,4385,20,,,0,85,,4386,20,,,0,85,,4387,20,,,0,45,,4388,20,,,0,85,,4389,20,,,0,85,,4390,20,,,0,84,,4391,20,,,0,100,,4392,20,,,0
