600,'310',616,,3590,2,,,0,85,,3591,2,,,0,40,,3592,2,,,0,80,,3593,2,,,0,80,,3594,2,,,0,40,,3595,2,,,0,80,,3596,2,,,0,30,,3597,2,,,0,90,,3598,2,,,0,80,,3599,2,,,0,35,,3600,2,,,0,85,,3601,2,,,0,80,,3602,2,,,0,80,,3603,2,,,0,50,,3604,2,,,0,75,,3605,2,,,0,75,,3606,2,,,0,40,,3607,2,,,0
600,'311',911,,3608,2,,,0,35,,3609,2,,,0,80,,3610,2,,,0,80,,3611,2,,,0,40,,3612,2,,,0,80,,3613,2,,,0,80,,3614,2,,,0,40,,3615,2,,,0,80,,3616,2,,,0,80,,3617,2,,,0,40,,3618,2,,,0,80,,3619,2,,,0,75,,3620,2,,,0
600,'312',901,,3621,2,,,0,40,,3622,2,,,0,80,,3623,2,,,0,80,,3624,2,,,0,40,,3625,2,,,0,80,,3626,2,,,0,80,,3627,2,,,0,40,,3628,2,,,0,80,,3629,2,,,0,80,,3630,2,,,0,40,,3631,2,,,0,80,,3632,2,,,0,95,,3633,2,,,0
1800,'310',546,,4130,2,,,0,102,,4131,2,,,0,97,,4132,2,,,0,604,,4133,2,,,0,69,,4134,2,,,0,99,,4135,2,,,0,105,,4136,2,,,0,104,,4137,2,,,0
1900,'310',631,,4148,2,,,0,70,,4149,2,,,0,45,,4150,2,,,0,85,,4151,2,,,0,85,,4152,2,,,0,85,,4153,2,,,0,45,,4154,2,,,0,85,,4155,2,,,0,85,,4156,2,,,0,35,,4157,2,,,0,95,,4158,2,,,0,85,,4159,2,,,0,85,,4160,2,,,0,85,,4161,2,,,0,50,,4162,2,,,0,80,,4163,2,,,0,85,,4164,2,,,0,85,,4165,2,,,0,45,,4166,2,,,0,95,,4167,2,,,0
1900,'311',816,,4168,2,,,0,100,,4169,2,,,0,25,,4170,2,,,0,60,,4171,2,,,0,45,,4172,2,,,0,85,,4173,2,,,0,85,,4174,2,,,0,85,,4175,2,,,0,45,,4176,2,,,0,85,,4177,2,,,0,85,,4178,2,,,0,85,,4179,2,,,0,45,,4180,2,,,0,85,,4181,2,,,0,85,,4182,2,,,0,85,,4183,2,,,0,45,,4184,2,,,0,85,,4185,2,,,0
1900,'312',901,,4186,2,,,0,45,,4187,2,,,0,85,,4188,2,,,0,85,,4189,2,,,0,85,,4190,2,,,0,45,,4191,2,,,0,85,,4192,2,,,0,85,,4193,2,,,0,85,,4194,2,,,0,45,,4195,2,,,0,85,,4196,2,,,0,85,,4197,2,,,0,85,,4198,2,,,0,45,,4199,2,,,0,85,,4200,2,,,0
2900,'310',603,,4259,44,,,0,30,,4260,44,,,0,71,,4261,44,,,0,30,,4262,44,,,0,70,,4263,44,,,0,30,,4264,44,,,0,69,,4265,44,,,0,32,,4266,44,,,0,70,,4267,44,,,0,30,,4268,44,,,0,70,,4269,44,,,0,30,,4270,44,,,0,70,,4271,44,,,0,30,,4272,44,,,0,70,,4273,44,,,0,30,,4274,44,,,0,70,,4275,44,,,0,33,,4276,44,,,0,71,,4277,44,,,0,36,,4278,44,,,0,66,,4279,44,,,0,31,,4280,44,,,0,69,,4281,44,,,0,29,,4282,44,,,0,68,,4283,44,,,0,29,,4284,44,,,0,68,,4285,44,,,0,30,,4286,44,,,0,98,,4287,44,,,0,100,,4288,44,,,0,113,,4289,44,,,0
2900,'311',818,,4290,44,,,0,86,,4291,44,,,0,45,,4292,44,,,0,85,,4293,44,,,0,85,,4294,44,,,0,85,,4295,44,,,0,45,,4296,44,,,0,86,,4297,44,,,0,85,,4298,44,,,0,85,,4299,44,,,0,45,,4300,44,,,0,85,,4301,44,,,0,85,,4302,44,,,0,85,,4303,44,,,0,44,,4304,44,,,0,85,,4305,44,,,0,100,,4306,44,,,0,99,,4307,44,,,0
2900,'312',831,,4308,44,,,0,86,,4309,44,,,0,86,,4310,44,,,0,45,,4311,44,,,0,85,,4312,44,,,0,85,,4313,44,,,0,85,,4314,44,,,0,55,,4315,44,,,0,76,,4316,44,,,0,85,,4317,44,,,0,85,,4318,44,,,0,45,,4319,44,,,0,86,,4320,44,,,0,84,,4321,44,,,0,85,,4322,44,,,0,43,,4323,44,,,0,84,,4324,44,,,0,100,,4325,44,,,0
