601,'310',637,,3634,11,,,0,87,,3635,11,,,0,80,,3636,11,,,0,40,,3637,11,,,0,80,,3638,11,,,0,81,,3639,11,,,0,40,,3640,11,,,0,70,,3641,11,,,0,91,,3642,11,,,0,40,,3643,11,,,0,75,,3644,11,,,0,85,,3645,11,,,0,40,,3646,11,,,0,80,,3647,11,,,0,90,,3648,11,,,0,35,,3649,11,,,0,75,,3650,11,,,0,79,,3651,11,,,0
601,'311',932,,3652,11,,,0,75,,3653,11,,,0,40,,3654,11,,,0,80,,3655,11,,,0,80,,3656,11,,,0,40,,3657,11,,,0,80,,3658,11,,,0,80,,3659,11,,,0,40,,3660,11,,,0,82,,3661,11,,,0,80,,3662,11,,,0,40,,3663,11,,,0,75,,3664,11,,,0
601,'312',922,,3665,11,,,0,80,,3666,11,,,0,40,,3667,11,,,0,80,,3668,11,,,0,80,,3669,11,,,0,40,,3670,11,,,0,80,,3671,11,,,0,80,,3672,11,,,0,40,,3673,11,,,0,80,,3674,11,,,0,80,,3675,11,,,0,40,,3676,11,,,0,95,,3677,11,,,0
1801,'310',530,,4138,30,,,0,70,,4139,30,,,0,57,,4140,30,,,0,70,,4141,30,,,0,30,,4142,30,,,0,99,,4143,30,,,0,683,,4144,30,,,0,100,,4145,30,,,0,99,,4146,30,,,0,99,,4147,30,,,0
1901,'310',626,,4201,13,,,0,15,,4202,13,,,0,72,,4203,13,,,0,20,,4204,13,,,0,90,,4205,13,,,0,85,,4206,13,,,0,45,,4207,13,,,0,85,,4208,13,,,0,85,,4209,13,,,0,87,,4210,13,,,0,43,,4211,13,,,0,84,,4212,13,,,0,81,,4213,13,,,0,90,,4214,13,,,0,44,,4215,13,,,0,85,,4216,13,,,0,85,,4217,13,,,0,84,,4218,13,,,0,50,,4219,13,,,0,80,,4220,13,,,0,85,,4221,13,,,0
1901,'311',806,,4222,13,,,0,45,,4223,13,,,0,80,,4224,13,,,0,19,,4225,13,,,0,85,,4226,13,,,0,85,,4227,13,,,0,85,,4228,13,,,0,46,,4229,13,,,0,60,,4230,13,,,0,25,,4231,13,,,0,85,,4232,13,,,0,85,,4233,13,,,0,45,,4234,13,,,0,85,,4235,13,,,0,85,,4236,13,,,0,85,,4237,13,,,0,25,,4238,13,,,0,20,,4239,13,,,0,85,,4240,13,,,0,85,,4241,13,,,0
1901,'312',935,,4242,13,,,0,85,,4243,13,,,0,15,,4244,13,,,0,70,,4245,13,,,0,45,,4246,13,,,0,60,,4247,13,,,0,25,,4248,13,,,0,85,,4249,13,,,0,15,,4250,13,,,0,70,,4251,13,,,0,45,,4252,13,,,0,85,,4253,13,,,0,85,,4254,13,,,0,85,,4255,13,,,0,45,,4256,13,,,0,85,,4257,13,,,0,85,,4258,13,,,0
2901,'310',544,,4326,21,,,0,71,,4327,21,,,0,31,,4328,21,,,0,71,,4329,21,,,0,31,,4330,21,,,0,71,,4331,21,,,0,27,,4332,21,,,0,70,,4333,21,,,0,31,,4334,21,,,0,70,,4335,21,,,0,30,,4336,21,,,0,69,,4337,21,,,0,31,,4338,21,,,0,69,,4339,21,,,0,30,,4340,21,,,0,71,,4341,21,,,0,30,,4342,21,,,0,70,,4343,21,,,0,30,,4344,21,,,0,65,,4345,21,,,0,35,,4346,21,,,0,70,,4347,21,,,0,30,,4348,21,,,0,70,,4349,21,,,0,29,,4350,21,,,0,70,,4351,21,,,0,30,,4352,21,,,0,69,,4353,21,,,0,100,,4354,21,,,0,98,,4355,21,,,0,100,,4356,21,,,0
2901,'311',816,,4357,21,,,0,85,,4358,21,,,0,45,,4359,21,,,0,86,,4360,21,,,0,85,,4361,21,,,0,85,,4362,21,,,0,45,,4363,21,,,0,85,,4364,21,,,0,85,,4365,21,,,0,85,,4366,21,,,0,40,,4367,21,,,0,90,,4368,21,,,0,85,,4369,21,,,0,84,,4370,21,,,0,45,,4371,21,,,0,85,,4372,21,,,0,84,,4373,21,,,0,99,,4374,21,,,0
2901,'312',816,,4375,21,,,0,85,,4376,21,,,0,45,,4377,21,,,0,85,,4378,21,,,0,84,,4379,21,,,0,85,,4380,21,,,0,45,,4381,21,,,0,85,,4382,21,,,0,85,,4383,21,,,0,85,,4384,21,,,0,45,,4385,21,,,0,85,,4386,21,,,0,85,,4387,21,,,0,85,,4388,21,,,0,45,,4389,21,,,0,85,,4390,21,,,0,84,,4391,21,,,0,100,,4392,21,,,0
