300,'310',551,,3403,29,,,0,96,,3404,29,,,0,86,,3405,29,,,0,85,,3406,29,,,0,39,,3407,29,,,0,84,,3408,29,,,0,85,,3409,29,,,0,85,,3410,29,,,0,90,,3411,29,,,0,35,,3412,29,,,0,85,,3413,29,,,0,95,,3414,29,,,0,43,,3415,29,,,0,85,,3416,29,,,0,90,,3417,29,,,0,79,,3418,29,,,0,89,,3419,29,,,0,44,,3420,29,,,0,85,,3421,29,,,0,85,,3422,29,,,0
300,'311',856,,3423,29,,,0,85,,3424,29,,,0,85,,3425,29,,,0,85,,3426,29,,,0,45,,3427,29,,,0,90,,3428,29,,,0,80,,3429,29,,,0,85,,3430,29,,,0,90,,3431,29,,,0,40,,3432,29,,,0,85,,3433,29,,,0,85,,3434,29,,,0,45,,3435,29,,,0,85,,3436,29,,,0,84,,3437,29,,,0,90,,3438,29,,,0
300,'312',1054,,3439,29,,,0,85,,3440,29,,,0,85,,3441,29,,,0,90,,3442,29,,,0,91,,3443,29,,,0,35,,3444,29,,,0,85,,3445,29,,,0,85,,3446,29,,,0,45,,3447,29,,,0,85,,3448,29,,,0,85,,3449,29,,,0,85,,3450,29,,,0
600,'310',617,,3590,4,,,0,86,,3591,4,,,0,40,,3592,4,,,0,80,,3593,4,,,0,80,,3594,4,,,0,40,,3595,4,,,0,80,,3596,4,,,0,30,,3597,4,,,0,90,,3598,4,,,0,80,,3599,4,,,0,35,,3600,4,,,0,85,,3601,4,,,0,80,,3602,4,,,0,80,,3603,4,,,0,50,,3604,4,,,0,75,,3605,4,,,0,75,,3606,4,,,0,40,,3607,4,,,0
600,'311',913,,3608,4,,,0,35,,3609,4,,,0,80,,3610,4,,,0,80,,3611,4,,,0,40,,3612,4,,,0,80,,3613,4,,,0,80,,3614,4,,,0,40,,3615,4,,,0,80,,3616,4,,,0,80,,3617,4,,,0,40,,3618,4,,,0,80,,3619,4,,,0,75,,3620,4,,,0
600,'312',902,,3621,4,,,0,40,,3622,4,,,0,80,,3623,4,,,0,80,,3624,4,,,0,40,,3625,4,,,0,80,,3626,4,,,0,80,,3627,4,,,0,40,,3628,4,,,0,81,,3629,4,,,0,80,,3630,4,,,0,40,,3631,4,,,0,79,,3632,4,,,0,95,,3633,4,,,0
1900,'310',633,,4148,4,,,0,70,,4149,4,,,0,45,,4150,4,,,0,85,,4151,4,,,0,85,,4152,4,,,0,85,,4153,4,,,0,45,,4154,4,,,0,85,,4155,4,,,0,85,,4156,4,,,0,35,,4157,4,,,0,95,,4158,4,,,0,85,,4159,4,,,0,85,,4160,4,,,0,85,,4161,4,,,0,50,,4162,4,,,0,80,,4163,4,,,0,85,,4164,4,,,0,85,,4165,4,,,0,45,,4166,4,,,0,95,,4167,4,,,0
1900,'311',818,,4168,4,,,0,100,,4169,4,,,0,25,,4170,4,,,0,60,,4171,4,,,0,45,,4172,4,,,0,85,,4173,4,,,0,85,,4174,4,,,0,85,,4175,4,,,0,45,,4176,4,,,0,85,,4177,4,,,0,85,,4178,4,,,0,85,,4179,4,,,0,45,,4180,4,,,0,85,,4181,4,,,0,85,,4182,4,,,0,85,,4183,4,,,0,45,,4184,4,,,0,85,,4185,4,,,0
1900,'312',902,,4186,4,,,0,45,,4187,4,,,0,85,,4188,4,,,0,86,,4189,4,,,0,85,,4190,4,,,0,45,,4191,4,,,0,85,,4192,4,,,0,85,,4193,4,,,0,85,,4194,4,,,0,45,,4195,4,,,0,85,,4196,4,,,0,85,,4197,4,,,0,85,,4198,4,,,0,45,,4199,4,,,0,85,,4200,4,,,0
2900,'310',604,,4259,46,,,0,31,,4260,46,,,0,71,,4261,46,,,0,30,,4262,46,,,0,70,,4263,46,,,0,30,,4264,46,,,0,69,,4265,46,,,0,32,,4266,46,,,0,70,,4267,46,,,0,30,,4268,46,,,0,70,,4269,46,,,0,30,,4270,46,,,0,70,,4271,46,,,0,30,,4272,46,,,0,70,,4273,46,,,0,30,,4274,46,,,0,70,,4275,46,,,0,33,,4276,46,,,0,71,,4277,46,,,0,36,,4278,46,,,0,67,,4279,46,,,0,30,,4280,46,,,0,69,,4281,46,,,0,29,,4282,46,,,0,68,,4283,46,,,0,29,,4284,46,,,0,68,,4285,46,,,0,29,,4286,46,,,0,98,,4287,46,,,0,100,,4288,46,,,0,113,,4289,46,,,0
2900,'311',820,,4290,46,,,0,86,,4291,46,,,0,45,,4292,46,,,0,85,,4293,46,,,0,85,,4294,46,,,0,85,,4295,46,,,0,45,,4296,46,,,0,86,,4297,46,,,0,85,,4298,46,,,0,85,,4299,46,,,0,45,,4300,46,,,0,85,,4301,46,,,0,85,,4302,46,,,0,85,,4303,46,,,0,44,,4304,46,,,0,85,,4305,46,,,0,100,,4306,46,,,0,99,,4307,46,,,0
2900,'312',833,,4308,46,,,0,86,,4309,46,,,0,86,,4310,46,,,0,45,,4311,46,,,0,85,,4312,46,,,0,85,,4313,46,,,0,85,,4314,46,,,0,95,,4315,46,,,0,36,,4316,46,,,0,85,,4317,46,,,0,85,,4318,46,,,0,45,,4319,46,,,0,86,,4320,46,,,0,84,,4321,46,,,0,85,,4322,46,,,0,43,,4323,46,,,0,83,,4324,46,,,0,100,,4325,46,,,0
