400,'310',530,,3502,1,,,0,75,,3503,1,,,0,45,,3504,1,,,0,85,,3505,1,,,0,85,,3506,1,,,0,85,,3507,1,,,0,40,,3508,1,,,0,90,,3509,1,,,0,90,,3510,1,,,0,90,,3511,1,,,0,35,,3512,1,,,0,85,,3513,1,,,0,85,,3514,1,,,0,85,,3515,1,,,0,40,,3516,1,,,0,95,,3517,1,,,0,90,,3518,1,,,0,90,,3519,1,,,0,110,,3520,1,,,0,100,,3521,1,,,0
400,'311',855,,3522,1,,,0,145,,3523,1,,,0,55,,3524,1,,,0,145,,3525,1,,,0,55,,3526,1,,,0,100,,3527,1,,,0,100,,3528,1,,,0,100,,3529,1,,,0,100,,3530,1,,,0,100,,3531,1,,,0,75,,3532,1,,,0,25,,3533,1,,,0
400,'312',900,,3534,1,,,0,55,,3535,1,,,0,100,,3536,1,,,0,90,,3537,1,,,0,85,,3538,1,,,0,20,,3539,1,,,0,85,,3540,1,,,0,95,,3541,1,,,0,95,,3542,1,,,0,95,,3543,1,,,0,85,,3544,1,,,0,50,,3545,1,,,0,85,,3546,1,,,0
401,'310',549,,3547,21,4,,0,75,,3548,21,4,,0,85,,3549,21,4,,0,45,,3550,21,4,,0,85,,3551,21,4,,0,85,,3552,21,4,,0,80,,3553,21,4,,0,45,,3554,21,4,,0,90,,3555,21,4,,0,85,,3556,21,4,,0,85,,3557,21,4,,0,40,,3558,21,4,,0,91,,3559,21,4,,0,85,,3560,21,4,,0,85,,3561,21,4,,0,45,,3562,21,4,,0,99,,3563,21,4,,0,99,,3564,21,4,,0,99,,3565,21,4,,0
401,'311',848,,3566,21,4,,0,105,,3567,21,4,,0,95,,3568,21,4,,0,105,,3569,21,4,,0,95,,3570,21,4,,0,100,,3571,21,4,,0,100,,3572,21,4,,0,100,,3573,21,4,,0,99,,3574,21,4,,0,100,,3575,21,4,,0,100,,3576,21,4,,0,101,,3577,21,4,,0
401,'312',948,,3578,21,4,,0,95,,3579,21,4,,0,95,,3580,21,4,,0,95,,3581,21,4,,0,85,,3582,21,4,,0,35,,3583,21,4,,0,65,,3584,21,4,,0,95,,3585,21,4,,0,95,,3586,21,4,,0,35,,3587,21,4,,0,60,,3588,21,4,,0,100,,3589,21,4,,0
600,'310',615,,3590,1,,,0,85,,3591,1,,,0,40,,3592,1,,,0,80,,3593,1,,,0,80,,3594,1,,,0,40,,3595,1,,,0,80,,3596,1,,,0,30,,3597,1,,,0,90,,3598,1,,,0,80,,3599,1,,,0,35,,3600,1,,,0,85,,3601,1,,,0,80,,3602,1,,,0,80,,3603,1,,,0,50,,3604,1,,,0,75,,3605,1,,,0,75,,3606,1,,,0,40,,3607,1,,,0
600,'311',910,,3608,1,,,0,35,,3609,1,,,0,80,,3610,1,,,0,80,,3611,1,,,0,40,,3612,1,,,0,80,,3613,1,,,0,80,,3614,1,,,0,40,,3615,1,,,0,80,,3616,1,,,0,80,,3617,1,,,0,40,,3618,1,,,0,80,,3619,1,,,0,75,,3620,1,,,0
600,'312',900,,3621,1,,,0,40,,3622,1,,,0,80,,3623,1,,,0,80,,3624,1,,,0,40,,3625,1,,,0,80,,3626,1,,,0,80,,3627,1,,,0,40,,3628,1,,,0,80,,3629,1,,,0,80,,3630,1,,,0,40,,3631,1,,,0,80,,3632,1,,,0,95,,3633,1,,,0
601,'310',640,,3634,12,4,,0,87,,3635,12,4,,0,80,,3636,12,4,,0,40,,3637,12,4,,0,80,,3638,12,4,,0,81,,3639,12,4,,0,40,,3640,12,4,,0,70,,3641,12,4,,0,91,,3642,12,4,,0,40,,3643,12,4,,0,75,,3644,12,4,,0,85,,3645,12,4,,0,40,,3646,12,4,,0,80,,3647,12,4,,0,90,,3648,12,4,,0,35,,3649,12,4,,0,75,,3650,12,4,,0,79,,3651,12,4,,0
601,'311',935,,3652,12,4,,0,75,,3653,12,4,,0,40,,3654,12,4,,0,80,,3655,12,4,,0,80,,3656,12,4,,0,40,,3657,12,4,,0,80,,3658,12,4,,0,80,,3659,12,4,,0,40,,3660,12,4,,0,82,,3661,12,4,,0,80,,3662,12,4,,0,40,,3663,12,4,,0,75,,3664,12,4,,0
601,'312',925,,3665,12,4,,0,80,,3666,12,4,,0,40,,3667,12,4,,0,80,,3668,12,4,,0,80,,3669,12,4,,0,40,,3670,12,4,,0,80,,3671,12,4,,0,80,,3672,12,4,,0,40,,3673,12,4,,0,80,,3674,12,4,,0,80,,3675,12,4,,0,40,,3676,12,4,,0,95,,3677,12,4,,0
1900,'310',630,,4148,1,,,0,70,,4149,1,,,0,45,,4150,1,,,0,85,,4151,1,,,0,85,,4152,1,,,0,85,,4153,1,,,0,45,,4154,1,,,0,85,,4155,1,,,0,85,,4156,1,,,0,35,,4157,1,,,0,95,,4158,1,,,0,85,,4159,1,,,0,85,,4160,1,,,0,85,,4161,1,,,0,50,,4162,1,,,0,80,,4163,1,,,0,85,,4164,1,,,0,85,,4165,1,,,0,45,,4166,1,,,0,95,,4167,1,,,0
1900,'311',815,,4168,1,,,0,100,,4169,1,,,0,25,,4170,1,,,0,60,,4171,1,,,0,45,,4172,1,,,0,85,,4173,1,,,0,85,,4174,1,,,0,85,,4175,1,,,0,45,,4176,1,,,0,85,,4177,1,,,0,85,,4178,1,,,0,85,,4179,1,,,0,45,,4180,1,,,0,85,,4181,1,,,0,85,,4182,1,,,0,85,,4183,1,,,0,45,,4184,1,,,0,85,,4185,1,,,0
1900,'312',900,,4186,1,,,0,45,,4187,1,,,0,85,,4188,1,,,0,85,,4189,1,,,0,85,,4190,1,,,0,45,,4191,1,,,0,85,,4192,1,,,0,85,,4193,1,,,0,85,,4194,1,,,0,45,,4195,1,,,0,85,,4196,1,,,0,85,,4197,1,,,0,85,,4198,1,,,0,45,,4199,1,,,0,85,,4200,1,,,0
1901,'310',629,,4201,14,4,,0,15,,4202,14,4,,0,72,,4203,14,4,,0,20,,4204,14,4,,0,90,,4205,14,4,,0,85,,4206,14,4,,0,45,,4207,14,4,,0,86,,4208,14,4,,0,85,,4209,14,4,,0,87,,4210,14,4,,0,43,,4211,14,4,,0,84,,4212,14,4,,0,81,,4213,14,4,,0,90,,4214,14,4,,0,44,,4215,14,4,,0,85,,4216,14,4,,0,85,,4217,14,4,,0,83,,4218,14,4,,0,50,,4219,14,4,,0,80,,4220,14,4,,0,85,,4221,14,4,,0
1901,'311',809,,4222,14,4,,0,45,,4223,14,4,,0,80,,4224,14,4,,0,19,,4225,14,4,,0,85,,4226,14,4,,0,85,,4227,14,4,,0,85,,4228,14,4,,0,46,,4229,14,4,,0,60,,4230,14,4,,0,25,,4231,14,4,,0,85,,4232,14,4,,0,85,,4233,14,4,,0,45,,4234,14,4,,0,85,,4235,14,4,,0,85,,4236,14,4,,0,85,,4237,14,4,,0,25,,4238,14,4,,0,20,,4239,14,4,,0,85,,4240,14,4,,0,85,,4241,14,4,,0
1901,'312',938,,4242,14,4,,0,85,,4243,14,4,,0,15,,4244,14,4,,0,70,,4245,14,4,,0,45,,4246,14,4,,0,60,,4247,14,4,,0,25,,4248,14,4,,0,85,,4249,14,4,,0,15,,4250,14,4,,0,70,,4251,14,4,,0,45,,4252,14,4,,0,85,,4253,14,4,,0,85,,4254,14,4,,0,85,,4255,14,4,,0,45,,4256,14,4,,0,85,,4257,14,4,,0,85,,4258,14,4,,0
