300,'310',530,,3403,2,,,0,95,,3404,2,,,0,85,,3405,2,,,0,45,,3406,2,,,0,80,,3407,2,,,0,85,,3408,2,,,0,85,,3409,2,,,0,45,,3410,2,,,0,90,,3411,2,,,0,75,,3412,2,,,0,85,,3413,2,,,0,50,,3414,2,,,0,85,,3415,2,,,0,85,,3416,2,,,0,90,,3417,2,,,0,40,,3418,2,,,0,90,,3419,2,,,0,85,,3420,2,,,0,85,,3421,2,,,0,45,,3422,2,,,0
300,'311',835,,3423,2,,,0,85,,3424,2,,,0,85,,3425,2,,,0,45,,3426,2,,,0,85,,3427,2,,,0,90,,3428,2,,,0,80,,3429,2,,,0,45,,3430,2,,,0,90,,3431,2,,,0,80,,3432,2,,,0,85,,3433,2,,,0,45,,3434,2,,,0,85,,3435,2,,,0,85,,3436,2,,,0,85,,3437,2,,,0,50,,3438,2,,,0
300,'312',1035,,3439,2,,,0,85,,3440,2,,,0,85,,3441,2,,,0,50,,3442,2,,,0,90,,3443,2,,,0,75,,3444,2,,,0,85,,3445,2,,,0,45,,3446,2,,,0,85,,3447,2,,,0,85,,3448,2,,,0,85,,3449,2,,,0,45,,3450,2,,,0
801,'310',518,,3953,32,,,0,102,,3954,32,,,0,101,,3955,32,,,0,100,,3956,32,,,0,99,,3957,32,,,0,100,,3958,32,,,0,100,,3959,32,,,0,95,,3960,32,,,0,107,,3961,32,,,0,97,,3962,32,,,0,94,,3963,32,,,0,111,,3964,32,,,0,100,,3965,32,,,0,96,,3966,32,,,0,100,,3967,32,,,0,100,,3968,32,,,0
801,'311',819,,3969,32,,,0,100,,3970,32,,,0,100,,3971,32,,,0,100,,3972,32,,,0,100,,3973,32,,,0,100,,3974,32,,,0,100,,3975,32,,,0,101,,3976,32,,,0,100,,3977,32,,,0,100,,3978,32,,,0,99,,3979,32,,,0,100,,3980,32,,,0
801,'312',1018,,3981,32,,,0,100,,3982,32,,,0,100,,3983,32,,,0,100,,3984,32,,,0,100,,3985,32,,,0,100,,3986,32,,,0,100,,3987,32,,,0,100,,3988,32,,,0,101,,3989,32,,,0
1201,'310',526,,4062,2,,,0,75,,4063,2,,,0,25,,4064,2,,,0,30,,4065,2,,,0,70,,4066,2,,,0,30,,4067,2,,,0,70,,4068,2,,,0,30,,4069,2,,,0,70,,4070,2,,,0,30,,4071,2,,,0,70,,4072,2,,,0,30,,4073,2,,,0,70,,4074,2,,,0,75,,4075,2,,,0,25,,4076,2,,,0,30,,4077,2,,,0,70,,4078,2,,,0,30,,4079,2,,,0,70,,4080,2,,,0,30,,4081,2,,,0,75,,4082,2,,,0,25,,4083,2,,,0,70,,4084,2,,,0,75,,4085,2,,,0,30,,4086,2,,,0,25,,4087,2,,,0,70,,4088,2,,,0,75,,4089,2,,,0,25,,4090,2,,,0,30,,4091,2,,,0,85,,4092,2,,,0,85,,4093,2,,,0,85,,4094,2,,,0
1201,'311',741,,4095,2,,,0,95,,4096,2,,,0,85,,4097,2,,,0,90,,4098,2,,,0,40,,4099,2,,,0,85,,4100,2,,,0,90,,4101,2,,,0,80,,4102,2,,,0,45,,4103,2,,,0,90,,4104,2,,,0,80,,4105,2,,,0,85,,4106,2,,,0,45,,4107,2,,,0,85,,4108,2,,,0,85,,4109,2,,,0,85,,4110,2,,,0,50,,4111,2,,,0,85,,4112,2,,,0,85,,4113,2,,,0
1201,'312',856,,4114,2,,,0,85,,4115,2,,,0,92,,4116,2,,,0,93,,4117,2,,,0,90,,4118,2,,,0,85,,4119,2,,,0,50,,4120,2,,,0,90,,4121,2,,,0,90,,4122,2,,,0,90,,4123,2,,,0,95,,4124,2,,,0,90,,4125,2,,,0,45,,4126,2,,,0,80,,4127,2,,,0,85,,4128,2,,,0,85,,4129,2,,,0
1800,'310',605,,4130,24,,,0,103,,4131,24,,,0,97,,4132,24,,,0,606,,4133,24,,,0,30,,4134,24,,,0,100,,4135,24,,,0,105,,4136,24,,,0,102,,4137,24,,,0
