200,'310',520,,3295,14,4,,0,104,,3296,14,4,,0,86,,3297,14,4,,0,35,,3298,14,4,,0,75,,3299,14,4,,0,35,,3300,14,4,,0,75,,3301,14,4,,0,75,,3302,14,4,,0,48,,3303,14,4,,0,72,,3304,14,4,,0,25,,3305,14,4,,0,75,,3306,14,4,,0,75,,3307,14,4,,0,35,,3308,14,4,,0,76,,3309,14,4,,0,35,,3310,14,4,,0,76,,3311,14,4,,0,31,,3312,14,4,,0,80,,3313,14,4,,0,75,,3314,14,4,,0,34,,3315,14,4,,0,89,,3316,14,4,,0,78,,3317,14,4,,0,45,,3318,14,4,,0,85,,3319,14,4,,0
200,'311',924,,3320,14,4,,0,85,,3321,14,4,,0,45,,3322,14,4,,0,85,,3323,14,4,,0,85,,3324,14,4,,0,85,,3325,14,4,,0,45,,3326,14,4,,0,85,,3327,14,4,,0,85,,3328,14,4,,0,85,,3329,14,4,,0,45,,3330,14,4,,0,85,,3331,14,4,,0,85,,3332,14,4,,0,85,,3333,14,4,,0,45,,3334,14,4,,0
200,'312',1008,,3335,14,4,,0,45,,3336,14,4,,0,85,,3337,14,4,,0,85,,3338,14,4,,0,85,,3339,14,4,,0,45,,3340,14,4,,0,85,,3341,14,4,,0,85,,3342,14,4,,0,85,,3343,14,4,,0,45,,3344,14,4,,0,85,,3345,14,4,,0,85,,3346,14,4,,0,85,,3347,14,4,,0,45,,3348,14,4,,0
201,'310',455,,3349,1,,,0,145,,3350,1,,,0,45,,3351,1,,,0,75,,3352,1,,,0,35,,3353,1,,,0,75,,3354,1,,,0,75,,3355,1,,,0,35,,3356,1,,,0,90,,3357,1,,,0,70,,3358,1,,,0,25,,3359,1,,,0,75,,3360,1,,,0,35,,3361,1,,,0,75,,3362,1,,,0,35,,3363,1,,,0,75,,3364,1,,,0,35,,3365,1,,,0,70,,3366,1,,,0,80,,3367,1,,,0,35,,3368,1,,,0,75,,3369,1,,,0,90,,3370,1,,,0,40,,3371,1,,,0,85,,3372,1,,,0,85,,3373,1,,,0
201,'311',900,,3374,1,,,0,45,,3375,1,,,0,85,,3376,1,,,0,85,,3377,1,,,0,85,,3378,1,,,0,45,,3379,1,,,0,85,,3380,1,,,0,85,,3381,1,,,0,85,,3382,1,,,0,45,,3383,1,,,0,85,,3384,1,,,0,85,,3385,1,,,0,85,,3386,1,,,0,45,,3387,1,,,0,85,,3388,1,,,0
201,'312',945,,3389,1,,,0,85,,3390,1,,,0,85,,3391,1,,,0,85,,3392,1,,,0,45,,3393,1,,,0,85,,3394,1,,,0,85,,3395,1,,,0,85,,3396,1,,,0,45,,3397,1,,,0,85,,3398,1,,,0,85,,3399,1,,,0,85,,3400,1,,,0,45,,3401,1,,,0,85,,3402,1,,,0
1200,'310',500,,3990,1,,,0,30,,3991,1,,,0,70,,3992,1,,,0,30,,3993,1,,,0,70,,3994,1,,,0,30,,3995,1,,,0,70,,3996,1,,,0,30,,3997,1,,,0,70,,3998,1,,,0,30,,3999,1,,,0,70,,4000,1,,,0,30,,4001,1,,,0,70,,4002,1,,,0,35,,4003,1,,,0,65,,4004,1,,,0,30,,4005,1,,,0,70,,4006,1,,,0,30,,4007,1,,,0,70,,4008,1,,,0,30,,4009,1,,,0,70,,4010,1,,,0,30,,4011,1,,,0,70,,4012,1,,,0,35,,4013,1,,,0,65,,4014,1,,,0,30,,4015,1,,,0,70,,4016,1,,,0,30,,4017,1,,,0,70,,4018,1,,,0,30,,4019,1,,,0,85,,4020,1,,,0,85,,4021,1,,,0,45,,4022,1,,,0,85,,4023,1,,,0
1200,'311',715,,4024,1,,,0,90,,4025,1,,,0,50,,4026,1,,,0,90,,4027,1,,,0,80,,4028,1,,,0,85,,4029,1,,,0,90,,4030,1,,,0,40,,4031,1,,,0,85,,4032,1,,,0,90,,4033,1,,,0,35,,4034,1,,,0,90,,4035,1,,,0,85,,4036,1,,,0,85,,4037,1,,,0,45,,4038,1,,,0,85,,4039,1,,,0,90,,4040,1,,,0,85,,4041,1,,,0,85,,4042,1,,,0,50,,4043,1,,,0
1200,'312',830,,4044,1,,,0,85,,4045,1,,,0,90,,4046,1,,,0,20,,4047,1,,,0,75,,4048,1,,,0,40,,4049,1,,,0,95,,4050,1,,,0,90,,4051,1,,,0,90,,4052,1,,,0,90,,4053,1,,,0,50,,4054,1,,,0,90,,4055,1,,,0,95,,4056,1,,,0,85,,4057,1,,,0,75,,4058,1,,,0,45,,4059,1,,,0,85,,4060,1,,,0,85,,4061,1,,,0
1201,'310',544,,4062,24,4,,0,75,,4063,24,4,,0,27,,4064,24,4,,0,70,,4065,24,4,,0,30,,4066,24,4,,0,71,,4067,24,4,,0,30,,4068,24,4,,0,70,,4069,24,4,,0,29,,4070,24,4,,0,70,,4071,24,4,,0,30,,4072,24,4,,0,70,,4073,24,4,,0,30,,4074,24,4,,0,75,,4075,24,4,,0,25,,4076,24,4,,0,72,,4077,24,4,,0,30,,4078,24,4,,0,72,,4079,24,4,,0,30,,4080,24,4,,0,70,,4081,24,4,,0,34,,4082,24,4,,0,65,,4083,24,4,,0,29,,4084,24,4,,0,75,,4085,24,4,,0,29,,4086,24,4,,0,65,,4087,24,4,,0,28,,4088,24,4,,0,73,,4089,24,4,,0,25,,4090,24,4,,0,70,,4091,24,4,,0,45,,4092,24,4,,0,85,,4093,24,4,,0,85,,4094,24,4,,0
1201,'311',758,,4095,24,4,,0,96,,4096,24,4,,0,85,,4097,24,4,,0,90,,4098,24,4,,0,80,,4099,24,4,,0,45,,4100,24,4,,0,90,,4101,24,4,,0,80,,4102,24,4,,0,85,,4103,24,4,,0,50,,4104,24,4,,0,80,,4105,24,4,,0,85,,4106,24,4,,0,85,,4107,24,4,,0,45,,4108,24,4,,0,85,,4109,24,4,,0,84,,4110,24,4,,0,90,,4111,24,4,,0,45,,4112,24,4,,0,85,,4113,24,4,,0
1201,'312',914,,4114,24,4,,0,45,,4115,24,4,,0,92,,4116,24,4,,0,93,,4117,24,4,,0,90,,4118,24,4,,0,85,,4119,24,4,,0,90,,4120,24,4,,0,50,,4121,24,4,,0,90,,4122,24,4,,0,90,,4123,24,4,,0,95,,4124,24,4,,0,89,,4125,24,4,,0,85,,4126,24,4,,0,40,,4127,24,4,,0,85,,4128,24,4,,0,85,,4129,24,4,,0
